194 
413 
15 
14 
41 
58 
29 
37 
33 
100 
181 
65 
9 
169 
447 
184 
36 
201 
118 
34 
31 
18 
18 
67 
57 
62 
7 
22 
34 
90 
10 
60 
186 
61 
49 
14 
24 
56 
20 
79 
84 
44 
59 
29 
118 
25 
156 
310 
76 
26 
44 
23 
62 
130 
208 
70 
101 
208 
74 
55 
23 
57 
320 
261 
48 
56 
87 
29 
104 
7 
502 
220 
120 
12 
239 
14 
70 
47 
62 
21 
246 
47 
29 
176 
225 
386 
182 
71 
59 
33 
246 
27 
21 
15 
42 
153 
104 
20 
26 
35 
5 
326 
12 
120 
11 
3 
14 
71 
11 
14 
11 
16 
90 
1 
16 
52 
95 
97 
51 
11 
4 
141 
18 
142 
68 
77 
80 
1 
16 
106 
206 
82 
54 
31 
216 
46 
111 
39 
63 
18 
191 
18 
163 
24 
50 
359 
50 
44 
9 
254 
102 
12 
5 
72 
270 
283 
22 
603 
35 
39 
3 
12 
3 
104 
15 
2 
197 
438 
188 
79 
88 
46 
5 
5 
36 
22 
139 
210 
97 
30 
23 
13 
14 
130 
487 
102 
493 
18 
209 
100 
14 
7 
57 
98 
54 
5 
32 
85 
67 
91 
59 
43 
134 
230 
152 
3 
27 
130 
14 
230 
66
61
34