74
57
48
29
502
12
70
21
29
386
59
27
153
26
326
55
320
56
104
220
239
47
246
176
182
33
15
104
35
23
261
87
7
120
14
62
47
225
71
246
21
42
20
5
12
120
11
3
14
71
11
14
11
16
90
1
16
52
95
97
51
11
4
141
18
142
68
77
80
1
16
106
206
82
54
31
216
46
111
39
63
18
191
18
163
24
50
44
102
72
22
39
3
15
197
188
79
88
46
5
5
36
22
139
210
97
30
23
13
14
359
9
12
270
603
3
104
2
438
50
254
5
283
35
12
